function [ y ] = yCorrection( x )
%UNTITLED6 Summary of this function goes here
%   Detailed explanation goes here
 y = 4.299503661*10^-9*x^9 - 6.939879964*10^-8*x^8 - 4.805451637*10^-7*x^7 + 1.027967303*10^-5*x^6 + 9.549564343*10^-6*x^5 - 4.993058149*10^-4*x^4 + 7.590372299*10^-4*x^3 - 2.72593257*10^-3*x^2 - 1.279288739*10^-1*x + 1.931808735;
end